feature  val_neg  val_pos  test_all  test_acc
('p', 0.03, 0.345, 0.031, 0.076)
('pa', 0.03, 0.344, 0.027, 0.068)
('pb', 0.03, 0.347, 0.035, 0.084)
('ce_logit', -4.671, -0.354, -4.669, -3.203)
('nc_tset', 100.0, 100.0, 100.0, 100.0)
('ac_tset', 90.601, 93.327, 90.743, 91.318)
('q_addr_empty', 0.0, 0.0, 0.0, 0.0)
('s1_name_cnt', 1.863, 1.32, 1.603, 1.513)
('q_n', 1.018, 1.083, 1.012, 1.002)
('s1_n', 5.434, 6.646, 6.696, 7.27)
('s1_hi_same', 1.607, 1.292, 1.653, 1.455)
('s1_hi_other', 1.594, 1.729, 1.656, 1.966)
('alt_hi_tot', -0.981, -0.896, -0.96, -0.992)
('sib_num', 0.077, 1.417, 1.122, 1.499)
('sib_name', 1.934, 2.125, 2.261, 2.558)
('sib_add_max', -1.0, -1.0, -1.0, -1.0)
('add_n', 0.0, 0.0, 0.0, 0.0)
('drop_n', 0.0, 0.0, 0.0, 0.0)
('p2', 0.007, 0.641, 0.31, 0.806)
