valid top rows 1026824 distractor queries 264514 distractors with p>=.02 12563
w 1.0
    (0.7, 0.98922, 0.99, 0.98805, 0.99843, 0.96986)
    (0.75, 0.98927, 0.99004, 0.98812, 0.99871, 0.96928)
    (0.8, 0.98921, 0.98996, 0.98809, 0.99893, 0.96852)
    (0.85, 0.98908, 0.98979, 0.98803, 0.99915, 0.96758)
    (0.88, 0.98892, 0.98959, 0.98793, 0.99925, 0.96683)
    (0.9, 0.98878, 0.98943, 0.9878, 0.99933, 0.96621)
    (0.92, 0.98856, 0.98917, 0.98764, 0.99941, 0.96543)
    (0.94, 0.98826, 0.98889, 0.98732, 0.99951, 0.9643)
    (0.96, 0.98771, 0.98836, 0.98675, 0.9996, 0.96251)
w 1.4
    (0.7, 0.98908, 0.98984, 0.98794, 0.99809, 0.96986)
    (0.75, 0.98915, 0.98991, 0.98803, 0.99841, 0.96928)
    (0.8, 0.9891, 0.98984, 0.988, 0.99868, 0.96852)
    (0.85, 0.98899, 0.98969, 0.98796, 0.99893, 0.96758)
    (0.88, 0.98884, 0.98951, 0.98786, 0.99905, 0.96683)
    (0.9, 0.9887, 0.98935, 0.98774, 0.99914, 0.96621)
    (0.92, 0.98849, 0.9891, 0.98759, 0.99925, 0.96543)
    (0.94, 0.9882, 0.98882, 0.98727, 0.99935, 0.9643)
    (0.96, 0.98766, 0.98831, 0.9867, 0.99948, 0.96251)
w 1.7
    (0.7, 0.98898, 0.98973, 0.98787, 0.99785, 0.96986)
    (0.75, 0.98907, 0.98981, 0.98797, 0.9982, 0.96928)
    (0.8, 0.98903, 0.98976, 0.98795, 0.99849, 0.96852)
    (0.85, 0.98893, 0.98961, 0.98792, 0.99876, 0.96758)
    (0.88, 0.98879, 0.98944, 0.98782, 0.9989, 0.96683)
    (0.9, 0.98866, 0.98929, 0.98771, 0.99901, 0.96621)
    (0.92, 0.98845, 0.98905, 0.98756, 0.99914, 0.96543)
    (0.94, 0.98817, 0.98878, 0.98725, 0.99926, 0.9643)
    (0.96, 0.98764, 0.98827, 0.98668, 0.9994, 0.96251)
w 2.0
    (0.7, 0.98889, 0.98963, 0.98779, 0.99761, 0.96986)
    (0.75, 0.98899, 0.98973, 0.9879, 0.998, 0.96928)
    (0.8, 0.98897, 0.98969, 0.98789, 0.99832, 0.96852)
    (0.85, 0.98887, 0.98955, 0.98786, 0.99862, 0.96758)
    (0.88, 0.98874, 0.98938, 0.98777, 0.99877, 0.96683)
    (0.9, 0.98861, 0.98924, 0.98766, 0.99889, 0.96621)
    (0.92, 0.98841, 0.989, 0.98752, 0.99902, 0.96543)
    (0.94, 0.98813, 0.98874, 0.98721, 0.99916, 0.9643)
    (0.96, 0.9876, 0.98824, 0.98665, 0.99931, 0.96251)
