VAL
   ('India', 'add', False, 29, 19, 25, 28, 21, 22)
   ('India', 'add', True, 242, 165, 178, 200, 185, 185)
   ('India', 'chg', False, 379, 356, 364, 444, 439, 439)
   ('India', 'chg', True, 434, 429, 431, 548, 539, 539)
   ('India', 'drop', False, 541, 508, 513, 585, 563, 569)
   ('India', 'drop', True, 352, 347, 345, 419, 416, 415)
   ('India', 'same', False, 2309, 2175, 2202, 2603, 2523, 2530)
   ('India', 'same', True, 2131, 2115, 2121, 2355, 2335, 2336)
   ('US', 'add', False, 110, 13, 19, 28, 23, 25)
   ('US', 'add', True, 1136, 154, 240, 299, 258, 294)
   ('US', 'chg', False, 6, 1, 1, 2, 2, 2)
   ('US', 'chg', True, 107, 15, 21, 28, 23, 26)
   ('US', 'drop', False, 284, 267, 266, 296, 272, 283)
   ('US', 'drop', True, 379, 360, 364, 388, 387, 387)
   ('US', 'same', False, 1393, 1210, 1236, 1330, 1307, 1319)
   ('US', 'same', True, 1630, 1440, 1460, 1509, 1504, 1509)
TEST
   ('France', 'add', False, 517, 143, 25, 5)
   ('France', 'add', True, 7309, 2000, 230, 155)
   ('France', 'chg', False, 1694, 402, 92, 21)
   ('France', 'chg', True, 12587, 4201, 242, 39)
   ('France', 'drop', False, 2056, 415, 1314, 324)
   ('France', 'drop', True, 629, 353, 750, 423)
   ('France', 'same', False, 13751, 2748, 1462, 477)
   ('France', 'same', True, 5331, 2890, 3958, 2290)
   ('India', 'add', False, 775, 216, 273, 218)
   ('India', 'add', True, 5458, 2698, 2242, 2104)
   ('India', 'chg', False, 4262, 3215, 3825, 3656)
   ('India', 'chg', True, 6463, 4393, 5197, 4975)
   ('India', 'drop', False, 4820, 4334, 5474, 5188)
   ('India', 'drop', True, 3027, 2985, 3554, 3497)
   ('India', 'same', False, 25462, 20929, 24105, 23184)
   ('India', 'same', True, 19768, 19586, 22987, 22715)
   ('US', 'add', False, 7923, 346, 165, 107)
   ('US', 'add', True, 90706, 25862, 1467, 1198)
   ('US', 'chg', False, 542, 14, 9, 6)
   ('US', 'chg', True, 5271, 595, 129, 87)
   ('US', 'drop', False, 2088, 1395, 1574, 1510)
   ('US', 'drop', True, 2093, 2048, 1970, 1970)
   ('US', 'same', False, 13499, 7311, 6482, 6361)
   ('US', 'same', True, 11566, 10008, 7627, 7614)
VAL by |d| (US, all): [(-25, 14, 0.86), (-24, 34, 0.97), (-23, 31, 1.0), (-22, 21, 1.0), (-21, 23, 0.91), (-20, 108, 0.98), (-19, 75, 0.99), (-18, 76, 1.0), (-17, 74, 1.0), (-16, 75, 0.99), (-15, 48, 1.0), (-14, 96, 1.0), (-13, 78, 1.0), (-12, 75, 0.99), (-11, 82, 0.99), (-10, 128, 0.98), (-9, 78, 0.99), (-8, 83, 0.99), (-7, 77, 1.0), (-6, 95, 1.0), (-5, 88, 0.99), (-4, 97, 0.98), (-3, 74, 0.97), (-2, 1134, 0.99), (-1, 1116, 0.99), (1, 1262, 0.82), (2, 1248, 0.87), (3, 237, 0.4), (4, 170, 0.31), (5, 214, 0.36), (6, 80, 0.98), (7, 197, 0.4), (8, 71, 0.99), (9, 201, 0.33), (10, 133, 0.99), (11, 204, 0.44), (12, 68, 1.0), (13, 190, 0.35), (14, 70, 0.99), (15, 55, 1.0), (16, 79, 1.0), (17, 68, 0.99), (18, 77, 1.0), (19, 61, 0.98), (20, 109, 0.99), (21, 162, 0.06), (22, 14, 0.93), (23, 27, 1.0), (24, 20, 1.0), (25, 28, 0.96)]
TEST by d (US): [(-25, 104, 0.96), (-24, 107, 0.96), (-23, 95, 0.94), (-22, 89, 0.94), (-21, 89, 0.94), (-20, 529, 0.98), (-19, 417, 0.96), (-18, 436, 0.94), (-17, 398, 0.97), (-16, 391, 0.96), (-15, 347, 0.96), (-14, 443, 0.98), (-13, 391, 0.96), (-12, 425, 0.96), (-11, 445, 0.96), (-10, 602, 0.97), (-9, 468, 0.97), (-8, 413, 0.96), (-7, 456, 0.96), (-6, 400, 0.97), (-5, 464, 0.95), (-4, 433, 0.97), (-3, 470, 0.95), (-2, 5606, 0.98), (-1, 5405, 0.97), (1, 18000, 0.51), (2, 17336, 0.47), (3, 11936, 0.28), (4, 11884, 0.28), (5, 11978, 0.27), (6, 489, 0.87), (7, 11477, 0.27), (8, 458, 0.87), (9, 11209, 0.26), (10, 549, 0.89), (11, 11257, 0.26), (12, 417, 0.91), (13, 11729, 0.28), (14, 442, 0.9), (15, 406, 0.91), (16, 364, 0.94), (17, 375, 0.94), (18, 343, 0.94), (19, 433, 0.89), (20, 513, 0.93), (21, 11685, 0.28), (22, 101, 0.77), (23, 100, 0.78), (24, 119, 0.93), (25, 88, 0.92)]
TEST by d (France): [(-25, 127, 0.57), (-24, 129, 0.49), (-23, 100, 0.37), (-22, 121, 0.4), (-21, 148, 0.45), (-20, 338, 0.35), (-19, 201, 0.61), (-18, 181, 0.5), (-17, 187, 0.57), (-16, 198, 0.54), (-15, 216, 0.49), (-14, 256, 0.53), (-13, 252, 0.56), (-12, 274, 0.5), (-11, 280, 0.5), (-10, 637, 0.3), (-9, 353, 0.58), (-8, 321, 0.51), (-7, 384, 0.57), (-6, 440, 0.5), (-5, 437, 0.46), (-4, 490, 0.51), (-3, 520, 0.41), (-2, 678, 0.42), (-1, 805, 0.37), (1, 4547, 0.27), (2, 4554, 0.29), (3, 4315, 0.28), (4, 4140, 0.28), (5, 4180, 0.29), (6, 213, 0.45), (7, 3988, 0.3), (8, 188, 0.41), (9, 3926, 0.3), (10, 465, 0.33), (11, 3688, 0.31), (12, 181, 0.48), (13, 3921, 0.31), (14, 159, 0.5), (15, 168, 0.54), (16, 130, 0.48), (17, 151, 0.5), (18, 179, 0.53), (19, 130, 0.55), (20, 249, 0.33), (21, 4150, 0.3), (22, 61, 0.25), (23, 59, 0.24), (24, 51, 0.16), (25, 81, 0.42)]
